0.999920  0.000026  0.000027  0.000027
0.000028  0.999917  0.000028  0.000027
0.000028  0.146726  0.853218  0.000028
0.292876  0.000028  0.352868  0.354228
0.000028  0.129029  0.863706  0.007237
0.025136  0.019525  0.024394  0.930946
0.000028  0.000028  0.000028  0.999916
0.886785  0.000030  0.000030  0.113156
0.999921  0.000026  0.000026  0.000027
0.000028  0.903341  0.096602  0.000028
0.000028  0.000028  0.999916  0.000028
0.000028  0.000028  0.000027  0.999917
0.999921  0.000026  0.000026  0.000027
0.286307  0.000028  0.393833  0.319832
0.043177  0.956766  0.000028  0.000029
0.000029  0.023667  0.976275  0.000029
0.462156  0.000028  0.000029  0.537787
0.000028  0.000029  0.000030  0.999913
0.000027  0.000027  0.000027  0.999919
0.000027  0.000029  0.000028  0.999915
0.000027  0.000027  0.000031  0.999915
0.000027  0.000029  0.000028  0.999916
0.000027  0.000027  0.000027  0.999919
0.000029  0.999913  0.000029  0.000029
0.999921  0.000026  0.000026  0.000027
0.999913  0.000029  0.000030  0.000027
0.000028  0.000028  0.999917  0.000027
0.000030  0.822819  0.177002  0.000150
0.000028  0.821110  0.178834  0.000028
0.000028  0.300315  0.699630  0.000028
0.378930  0.035018  0.000028  0.586024
0.543656  0.000864  0.173629  0.281851
0.000030  0.999911  0.000030  0.000030
0.000028  0.000028  0.999916  0.000028
0.315601  0.000028  0.314847  0.369523
0.000028  0.000029  0.000030  0.999914
0.000028  0.000029  0.999915  0.000028
0.000028  0.000028  0.999916  0.000028
0.999914  0.000027  0.000030  0.000028
0.288234  0.000028  0.391681  0.320057
0.704606  0.000030  0.071026  0.224338
0.999919  0.000027  0.000027  0.000027
0.000027  0.999917  0.000028  0.000028
0.000028  0.000028  0.999916  0.000028
0.107811  0.000028  0.000028  0.892134
0.556722  0.000028  0.000028  0.443221
0.000027  0.999917  0.000028  0.000027
0.999917  0.000027  0.000027  0.000028
0.000027  0.000029  0.000028  0.999916
0.011634  0.977067  0.000029  0.011270
0.999916  0.000028  0.000028  0.000028
0.000029  0.603565  0.000029  0.396377
0.000027  0.000027  0.000027  0.999918
0.000027  0.000027  0.000027  0.999919
0.000028  0.999916  0.000028  0.000028
0.000032  0.999904  0.000032  0.000032
0.000027  0.000027  0.000027  0.999919
0.000030  0.984831  0.000030  0.015110
0.000026  0.177202  0.013187  0.809584
0.000029  0.999914  0.000029  0.000028
0.000029  0.908811  0.091132  0.000029
0.000029  0.000029  0.999913  0.000029
0.867772  0.000027  0.000027  0.132175
0.059575  0.293765  0.179496  0.467164
0.000028  0.000028  0.999916  0.000028
0.999920  0.000026  0.000026  0.000027
0.037776  0.000027  0.000027  0.962169
0.000028  0.040606  0.959338  0.000028
0.999913  0.000029  0.000029  0.000029
0.357070  0.041184  0.002445  0.599301
0.000029  0.143628  0.856315  0.000028
0.000028  0.000027  0.000027  0.999919
0.000028  0.000027  0.000028  0.999916
0.309255  0.000028  0.329258  0.361459
0.999921  0.000026  0.000026  0.000027
0.284133  0.000028  0.000028  0.715810
0.000028  0.999915  0.000028  0.000028
0.061431  0.045372  0.013363  0.879834
0.000027  0.000027  0.000027  0.999919
0.520473  0.000028  0.000028  0.479472
0.036407  0.023316  0.000028  0.940250
0.000029  0.989520  0.000029  0.010423
0.933825  0.032176  0.000027  0.033972
0.000028  0.116223  0.883721  0.000028
0.000028  0.970303  0.029640  0.000028
0.000028  0.000029  0.000030  0.999913
0.000028  0.000027  0.000027  0.999919
0.000028  0.750632  0.249312  0.000028
0.000028  0.875417  0.124527  0.000028
0.000028  0.000027  0.000027  0.999917
0.999910  0.000032  0.000030  0.000028
0.366346  0.000027  0.000027  0.633600
0.862347  0.000028  0.024880  0.112745
0.000028  0.000028  0.000028  0.999916
0.000028  0.999917  0.000028  0.000027
0.999918  0.000027  0.000028  0.000028
0.031173  0.864474  0.000028  0.104324
0.000027  0.000027  0.000027  0.999919
0.843477  0.000029  0.000029  0.156464
0.109131  0.087423  0.005296  0.798149
0.000027  0.999918  0.000028  0.000027
0.234947  0.016759  0.445126  0.303168
0.000027  0.999917  0.000028  0.000027
0.000031  0.999908  0.000031  0.000031
0.687862  0.000027  0.000027  0.312083
0.000028  0.999917  0.000028  0.000028
0.000027  0.999917  0.000028  0.000027
0.000028  0.000028  0.999915  0.000028
0.000028  0.966889  0.000028  0.033055
0.728213  0.000027  0.000027  0.271734
0.000028  0.999915  0.000029  0.000028
0.000029  0.999914  0.000029  0.000028
0.000029  0.814499  0.185443  0.000029
0.000028  0.035634  0.000028  0.964311
0.187735  0.000027  0.000027  0.812212
0.000028  0.946390  0.029005  0.024577
0.015110  0.947246  0.000028  0.037615
0.999921  0.000026  0.000026  0.000027
0.999920  0.000026  0.000026  0.000027
0.000029  0.999914  0.000029  0.000029
0.010502  0.970254  0.019215  0.000029
0.013716  0.000027  0.000027  0.986229
0.000028  0.709057  0.290887  0.000028
0.000028  0.000028  0.000028  0.999915
0.093438  0.000027  0.000027  0.906509
0.999917  0.000027  0.000028  0.000027
0.000028  0.000028  0.999916  0.000028
0.000030  0.000029  0.999912  0.000029
0.895531  0.000027  0.000027  0.104416
0.960763  0.000027  0.000027  0.039184
0.000028  0.999917  0.000028  0.000027
0.936499  0.000027  0.000027  0.063447
0.999920  0.000026  0.000026  0.000027
0.345815  0.000028  0.325513  0.328644
0.000028  0.999915  0.000028  0.000028
0.000028  0.878697  0.121247  0.000028
0.000029  0.950503  0.000029  0.049439
0.039415  0.036462  0.000028  0.924095
0.039970  0.000029  0.000029  0.959972
0.000029  0.584771  0.377478  0.037722
0.000028  0.596073  0.366048  0.037851
0.000029  0.988802  0.011141  0.000028
0.999921  0.000026  0.000026  0.000027
0.000028  0.000027  0.000027  0.999919
0.000027  0.000027  0.000027  0.999919
0.000029  0.000028  0.000028  0.999915
0.927676  0.000029  0.000027  0.072268
0.000028  0.160469  0.839474  0.000028
0.999921  0.000026  0.000026  0.000027
0.999921  0.000026  0.000026  0.000027
0.999921  0.000026  0.000026  0.000027
0.440254  0.000030  0.000030  0.559686
0.000027  0.000030  0.000031  0.999912
0.754325  0.000027  0.000027  0.245621
0.000028  0.000028  0.000030  0.999914
0.999915  0.000028  0.000029  0.000028
0.101543  0.000027  0.000027  0.898404
0.000028  0.000027  0.000027  0.999918
0.000028  0.999916  0.000028  0.000028
0.000028  0.000027  0.000027  0.999918
0.316492  0.000028  0.313188  0.370292
0.999913  0.000031  0.000029  0.000027
0.015375  0.000027  0.000027  0.984571
0.242776  0.264782  0.305840  0.186602
0.000028  0.000027  0.000027  0.999917
0.000028  0.999915  0.000028  0.000028
0.289444  0.023143  0.000028  0.687386
0.091529  0.000028  0.135456  0.772988
0.000028  0.000027  0.000027  0.999919
0.000028  0.000028  0.999915  0.000028
0.000027  0.000027  0.000027  0.999919
0.000027  0.000027  0.000028  0.999918
0.000029  0.999913  0.000029  0.000029
0.687950  0.000027  0.000027  0.311996
0.000028  0.589100  0.370471  0.040401
0.000028  0.962493  0.037450  0.000028
0.000028  0.999915  0.000029  0.000028
0.000029  0.999914  0.000029  0.000029
0.793199  0.000028  0.000027  0.206746
0.272535  0.070408  0.000028  0.657029
0.000028  0.000031  0.000030  0.999911
0.027657  0.000027  0.000027  0.972290
0.000027  0.000027  0.000027  0.999919
0.000028  0.000031  0.000031  0.999911
0.364701  0.035132  0.000027  0.600140
0.476420  0.000027  0.000027  0.523526
0.905982  0.000027  0.000027  0.093965
0.999918  0.000027  0.000027  0.000028
0.408171  0.000028  0.313238  0.278563
0.000029  0.999911  0.000030  0.000029
0.000028  0.000027  0.000028  0.999918
0.999909  0.000031  0.000032  0.000028
0.915276  0.000030  0.000030  0.084665
0.113711  0.044479  0.000030  0.841780
0.000029  0.000030  0.999912  0.000029
0.999914  0.000028  0.000031  0.000028
0.999921  0.000026  0.000026  0.000027
0.000028  0.999916  0.000028  0.000028
0.000028  0.999917  0.000028  0.000028
0.504574  0.010013  0.000028  0.485386
0.531923  0.032305  0.000028  0.435744
0.000029  0.000028  0.000028  0.999915
0.000029  0.963773  0.000029  0.036168
0.040168  0.000027  0.000027  0.959778
0.934823  0.000027  0.000027  0.065123
0.939484  0.000028  0.000027  0.060461
0.999911  0.000032  0.000029  0.000029
0.057742  0.127475  0.000028  0.814756
0.000033  0.888904  0.111030  0.000033
0.000028  0.999917  0.000028  0.000028
0.000027  0.999917  0.000028  0.000028
0.911186  0.000029  0.000029  0.088755
0.022271  0.000028  0.000028  0.977673
0.000029  0.543274  0.456668  0.000029
0.000031  0.000031  0.999907  0.000031
0.009533  0.000028  0.990410  0.000029
0.625840  0.000028  0.000028  0.374104
0.690317  0.000027  0.000027  0.309628
0.999921  0.000026  0.000026  0.000027
0.999917  0.000028  0.000027  0.000028
0.150445  0.759589  0.009686  0.080279
0.733179  0.000027  0.000027  0.266767
0.746118  0.000027  0.000027  0.253828
0.000028  0.323348  0.190197  0.486428
0.313811  0.000027  0.000027  0.686136
0.051987  0.000027  0.000027  0.947959
0.999915  0.000028  0.000028  0.000029
0.000029  0.095288  0.870366  0.034316
0.943183  0.000027  0.000029  0.056761
0.481827  0.518117  0.000028  0.000028
0.999916  0.000028  0.000028  0.000028
0.290199  0.000029  0.000028  0.709744
0.999920  0.000026  0.000026  0.000027
0.826413  0.000029  0.000028  0.173530
0.000028  0.000028  0.000028  0.999915
0.000030  0.108143  0.000030  0.891797
0.999915  0.000028  0.000028  0.000029
0.999913  0.000028  0.000031  0.000028
0.999918  0.000026  0.000028  0.000027
0.999920  0.000026  0.000027  0.000027
0.999919  0.000027  0.000027  0.000028
0.000030  0.446857  0.553083  0.000030
0.845491  0.000028  0.000030  0.154451
0.942465  0.000028  0.000030  0.057478
0.000028  0.914750  0.085193  0.000028
0.000028  0.999916  0.000028  0.000028
0.830195  0.000027  0.000027  0.169752
0.958224  0.000028  0.000028  0.041719
0.959538  0.000028  0.000028  0.040406
0.937703  0.000027  0.000029  0.062240
0.000028  0.999915  0.000029  0.000028
0.641209  0.000027  0.000027  0.358737
0.999920  0.000027  0.000027  0.000026
0.007583  0.000028  0.039053  0.953337
0.000028  0.000027  0.000027  0.999918
0.000028  0.000027  0.000027  0.999918
0.999920  0.000026  0.000026  0.000027
0.000028  0.000028  0.999916  0.000028
0.000029  0.938110  0.000029  0.061832
0.000029  0.000028  0.999915  0.000028
0.000028  0.866590  0.133354  0.000028
0.000028  0.000028  0.999916  0.000028
0.000029  0.000028  0.999916  0.000028
0.000028  0.000028  0.999917  0.000028
0.000028  0.000028  0.999916  0.000028
0.000028  0.000028  0.999916  0.000028
0.014544  0.000028  0.969453  0.015975
0.000028  0.000028  0.999916  0.000028
0.000028  0.999916  0.000028  0.000028
0.000028  0.000029  0.999915  0.000028
0.000028  0.000028  0.999916  0.000028
0.046263  0.000029  0.800423  0.153285
0.000029  0.000030  0.999911  0.000030
0.000028  0.563716  0.436227  0.000028
0.999916  0.000027  0.000029  0.000028
0.928449  0.000030  0.000029  0.071492
0.287580  0.118670  0.016257  0.577493
0.000030  0.000030  0.999910  0.000030
0.000030  0.999909  0.000031  0.000030
0.186375  0.302024  0.372877  0.138724
0.000029  0.000030  0.999911  0.000029
0.760043  0.000031  0.000028  0.239899
0.138883  0.012323  0.404564  0.444230
0.000029  0.000028  0.999915  0.000028
0.000030  0.000030  0.999910  0.000030
0.000031  0.000031  0.000031  0.999907
0.000028  0.999917  0.000028  0.000027
0.000030  0.999910  0.000030  0.000030
0.051926  0.000027  0.000027  0.948019
0.000028  0.000028  0.999916  0.000028
0.999909  0.000031  0.000030  0.000029
0.000031  0.999906  0.000032  0.000031
0.000031  0.117761  0.882178  0.000031
0.246701  0.000028  0.000027  0.753243
0.000029  0.000029  0.999914  0.000028
0.000031  0.000032  0.999906  0.000031
0.836623  0.000027  0.000027  0.163323
0.999914  0.000028  0.000028  0.000029
0.279850  0.061711  0.000029  0.658409
0.999921  0.000026  0.000026  0.000027
0.294613  0.034345  0.000028  0.671015
0.999915  0.000027  0.000031  0.000027
0.000028  0.000028  0.999916  0.000028
0.000027  0.000028  0.999917  0.000027
0.000028  0.000029  0.999915  0.000028
0.000028  0.000028  0.999916  0.000028
0.000027  0.000029  0.000028  0.999916
0.637979  0.000027  0.000027  0.361967
0.000027  0.000027  0.000028  0.999917
0.050554  0.000031  0.864320  0.085094
0.000030  0.000030  0.000033  0.999907
0.999914  0.000031  0.000028  0.000027
0.041448  0.000027  0.000027  0.958497
0.000027  0.000027  0.000027  0.999920
0.000028  0.999917  0.000028  0.000028
0.281386  0.000029  0.000030  0.718556
0.706518  0.061634  0.000028  0.231819
0.201377  0.026868  0.000027  0.771727
0.018712  0.000027  0.000027  0.981234
0.112687  0.000030  0.000029  0.887254
0.271504  0.000031  0.000028  0.728437
0.000028  0.000027  0.000027  0.999918
0.000028  0.000028  0.004240  0.995704
0.000027  0.999917  0.000028  0.000028
0.025668  0.064733  0.000028  0.909570
0.000028  0.999916  0.000028  0.000028
0.000028  0.914321  0.011453  0.074197
0.066015  0.093770  0.000028  0.840187
0.000028  0.022573  0.000028  0.977372
0.382321  0.040129  0.000028  0.577523
0.018322  0.072048  0.000028  0.909602
0.000028  0.000027  0.000027  0.999919
0.000028  0.989918  0.000028  0.010025
0.000028  0.000028  0.999916  0.000028
0.000027  0.000027  0.000027  0.999919
0.999918  0.000027  0.000027  0.000028
0.308848  0.000028  0.321778  0.369346
0.982836  0.000028  0.000027  0.017108
0.036152  0.963793  0.000028  0.000028
0.000028  0.973434  0.026510  0.000028
0.000028  0.999914  0.000029  0.000028
0.709734  0.059638  0.000027  0.230600
0.000028  0.000028  0.000028  0.999917
0.000028  0.000028  0.999916  0.000028
0.825565  0.000030  0.010268  0.164136
0.000029  0.999911  0.000030  0.000029
0.236194  0.000027  0.383747  0.380032
0.000028  0.000029  0.999915  0.000028
0.016734  0.939442  0.007461  0.036363
0.869457  0.000027  0.000027  0.130490
0.852681  0.034153  0.000028  0.113138
0.000027  0.000027  0.000027  0.999919
0.968362  0.000028  0.000027  0.031583
0.999916  0.000027  0.000030  0.000027
0.751196  0.000027  0.000027  0.248751
0.999920  0.000026  0.000026  0.000027
0.000028  0.999915  0.000029  0.000028
0.771576  0.000027  0.000027  0.228369
0.000027  0.000028  0.061844  0.938102
0.027942  0.972002  0.000028  0.000028
0.000027  0.000029  0.000028  0.999916
0.999918  0.000027  0.000027  0.000028
0.999920  0.000026  0.000027  0.000027
0.999920  0.000026  0.000026  0.000027
0.939929  0.000029  0.000028  0.060014
0.716614  0.000031  0.000028  0.283328
0.000027  0.952222  0.047723  0.000027
0.999920  0.000026  0.000027  0.000027
0.000028  0.628147  0.048289  0.323536
0.854730  0.000027  0.000027  0.145215
0.045835  0.445932  0.000031  0.508202
0.000028  0.999917  0.000028  0.000028
0.000028  0.999916  0.000028  0.000028
0.006500  0.022471  0.000028  0.971001
0.000028  0.059209  0.000028  0.940735
0.000028  0.956476  0.043468  0.000028
0.329325  0.000028  0.000027  0.670620
0.047211  0.228279  0.000027  0.724483
0.000029  0.014889  0.035880  0.949202
0.000031  0.923814  0.076125  0.000031
0.000028  0.999916  0.000028  0.000028
0.332667  0.202351  0.000029  0.464953
0.000027  0.000027  0.000027  0.999919
0.000028  0.000029  0.999914  0.000029
0.000026  0.058438  0.000027  0.941509
0.347516  0.000027  0.000027  0.652431
0.109270  0.000027  0.000028  0.890675
0.000027  0.000028  0.999918  0.000027
0.000027  0.999918  0.000028  0.000027
0.000028  0.000029  0.999916  0.000028
0.000027  0.000028  0.999918  0.000027
0.209235  0.052747  0.424840  0.313177
0.000027  0.000027  0.000027  0.999919
0.000028  0.999917  0.000028  0.000028
0.000029  0.421045  0.578896  0.000029
0.059222  0.000027  0.000027  0.940725
0.334191  0.000027  0.000027  0.665754
0.000028  0.000029  0.999914  0.000028
0.001004  0.000027  0.000027  0.998941
0.033309  0.041358  0.000027  0.925306
0.457849  0.000029  0.000029  0.542092
0.269266  0.003345  0.393789  0.333600
0.303770  0.000033  0.375837  0.320360
0.999920  0.000026  0.000026  0.000027
0.802646  0.197296  0.000029  0.000029
0.572692  0.068355  0.000028  0.358925
0.931432  0.000027  0.000027  0.068514
0.999915  0.000027  0.000030  0.000027
0.000028  0.999916  0.000028  0.000028
0.999911  0.000029  0.000032  0.000028
0.000027  0.999918  0.000028  0.000027
0.812872  0.000027  0.000027  0.187075
0.999920  0.000026  0.000026  0.000027
